1744670436192 0.5197116136550903 0
1744670436227 0.5362880229949951 1
1744670436247 0.7093773484230042 2
1744670436268 0.6221833229064941 3
1744670436289 0.494780957698822 4
1744670436325 0.745348334312439 5
1744670436346 0.6092942953109741 6
1744670436365 0.5771658420562744 7
1744670436386 0.5683796405792236 8
1744670436406 0.6577220559120178 9
1744670436426 0.6419342160224915 10
1744670436446 0.5934358835220337 11
1744670436466 0.6477653384208679 12
1744670436485 0.5922895669937134 13
1744670436505 0.6383935213088989 14
1744670436524 0.6761131286621094 15
1744670436553 0.6533728837966919 16
1744670436582 0.725890040397644 17
1744670436601 0.7063998579978943 18
1744670436620 0.6992038488388062 19
1744670436641 0.5964672565460205 20
1744670436661 0.7003844976425171 21
1744670436681 0.61616051197052 22
1744670436700 0.6226452589035034 23
1744670436720 0.6022719144821167 24
1744670436738 0.6702767610549927 25
1744670436757 0.6707637310028076 26
1744670436778 0.756942629814148 27
1744670436799 0.6357093453407288 28
1744670436823 0.6821975708007812 29
1744670436843 0.7355601191520691 30
1744670436862 0.6089999079704285 31
1744670436882 0.5521289110183716 32
1744670436903 0.6390648484230042 33
1744670436922 0.778779149055481 34
1744670436941 0.6717696189880371 35
1744670436962 0.7312409281730652 36
1744670436983 0.7013522982597351 37
1744670437003 0.6207811832427979 38
1744670437026 0.6909245848655701 39
1744670437045 0.7236675024032593 40
1744670437071 0.6096351742744446 41
1744670437091 0.6880075335502625 42
