1744670436171 2.817927598953247 0
1744670436214 2.1146152019500732 1
1744670436237 1.640387773513794 2
1744670436258 1.3441137075424194 3
1744670436279 1.149718999862671 4
1744670436300 1.0348446369171143 5
1744670436335 0.9594748020172119 6
1744670436356 0.9058011770248413 7
1744670436375 0.8820337653160095 8
1744670436396 0.8432033061981201 9
1744670436416 0.8199487328529358 10
1744670436436 0.8001376390457153 11
1744670436456 0.7893540859222412 12
1744670436476 0.7828752994537354 13
1744670436496 0.7601679563522339 14
1744670436515 0.7503052353858948 15
1744670436538 0.7670230865478516 16
1744670436570 0.7365683317184448 17
1744670436592 0.7350054383277893 18
1744670436611 0.7267196774482727 19
1744670436631 0.7268846035003662 20
1744670436651 0.710885763168335 21
1744670436672 0.7355650067329407 22
1744670436691 0.7250932455062866 23
1744670436710 0.7175684571266174 24
1744670436729 0.7106027603149414 25
1744670436748 0.7165359258651733 26
1744670436768 0.6902177929878235 27
1744670436788 0.7151135802268982 28
1744670436814 0.7041632533073425 29
1744670436833 0.6973543763160706 30
1744670436852 0.7076882719993591 31
1744670436872 0.7160575985908508 32
1744670436892 0.7233852744102478 33
1744670436912 0.6928260326385498 34
1744670436931 0.6986998915672302 35
1744670436950 0.6741453409194946 36
1744670436973 0.6748988628387451 37
1744670436993 0.6952729225158691 38
1744670437013 0.6939051151275635 39
1744670437035 0.6876763701438904 40
1744670437061 0.6859759092330933 41
1744670437081 0.6846387386322021 42
