1744673022353 0.5038038492202759 0
1744673022377 0.43494465947151184 1
1744673022396 0.6881760358810425 2
1744673022416 0.6924318075180054 3
1744673022435 0.4158703684806824 4
1744673022454 0.5446679592132568 5
1744673022482 0.6438087224960327 6
1744673022502 0.6892176866531372 7
1744673022525 0.6406681537628174 8
1744673022547 0.6047021746635437 9
1744673022570 0.6635239720344543 10
1744673022592 0.6714698672294617 11
1744673022616 0.7395270466804504 12
1744673022635 0.5968197584152222 13
1744673022654 0.6092014312744141 14
1744673022673 0.714029848575592 15
1744673022693 0.6573472619056702 16
1744673022713 0.7075825333595276 17
1744673022732 0.61005699634552 18
1744673022759 0.7100759744644165 19
1744673022779 0.628718376159668 20
1744673022799 0.6950883269309998 21
1744673022820 0.7012338042259216 22
1744673022840 0.6665234565734863 23
1744673022861 0.6700421571731567 24
1744673022879 0.7638466358184814 25
1744673022898 0.5908377170562744 26
1744673022916 0.7161369323730469 27
1744673022936 0.6923918724060059 28
1744673022955 0.643233060836792 29
