1744673022306 2.8019919395446777 0
1744673022367 2.0435807704925537 1
1744673022386 1.551353096961975 2
1744673022406 1.2439930438995361 3
1744673022425 1.0731518268585205 4
1744673022444 0.9760243892669678 5
1744673022465 0.909856915473938 6
1744673022492 0.8601556420326233 7
1744673022513 0.8204652667045593 8
1744673022536 0.7986621856689453 9
1744673022558 0.7827252745628357 10
1744673022580 0.7617440819740295 11
1744673022607 0.7734427452087402 12
1744673022626 0.7480640411376953 13
1744673022645 0.7453978061676025 14
1744673022664 0.733791708946228 15
1744673022683 0.7253988981246948 16
1744673022703 0.7118797898292542 17
1744673022722 0.7113566398620605 18
1744673022746 0.7007589340209961 19
1744673022768 0.7147612571716309 20
1744673022789 0.7023325562477112 21
1744673022811 0.6886489987373352 22
1744673022831 0.695745050907135 23
1744673022852 0.7041463851928711 24
1744673022870 0.7125433087348938 25
1744673022888 0.698940634727478 26
1744673022906 0.6916930079460144 27
1744673022926 0.6840590238571167 28
1744673022945 0.6956778168678284 29
