1744670679089 0.47846412658691406 0
1744670679116 0.5366214513778687 1
1744670679136 0.6501039266586304 2
1744670679156 0.5745378732681274 3
1744670679177 0.5223521590232849 4
1744670679196 0.5708185434341431 5
1744670679214 0.5021942853927612 6
1744670679233 0.5738930702209473 7
1744670679252 0.6133919954299927 8
1744670679279 0.5950372219085693 9
1744670679300 0.6452382206916809 10
1744670679319 0.6334632635116577 11
1744670679338 0.6188739538192749 12
1744670679358 0.585367739200592 13
1744670679377 0.6335597038269043 14
