1744670679078 2.7777445316314697 0
1744670679106 2.0448410511016846 1
1744670679126 1.5776264667510986 2
1744670679146 1.2943663597106934 3
1744670679166 1.1065452098846436 4
1744670679187 1.0016014575958252 5
1744670679205 0.9407452940940857 6
1744670679223 0.9029132127761841 7
1744670679243 0.8611583113670349 8
1744670679261 0.825100839138031 9
1744670679289 0.8165501952171326 10
1744670679310 0.7908997535705566 11
1744670679329 0.7991461753845215 12
1744670679348 0.8110325336456299 13
1744670679368 0.7744090557098389 14
