1744669505381 0.40494853258132935 0
1744669505406 0.7636736035346985 1
1744669505434 0.4156402349472046 2
1744669505455 0.29791539907455444 3
1744669505477 0.6610864400863647 4
1744669505496 0.6178921461105347 5
1744669505515 0.698026180267334 6
1744669505536 0.5650687217712402 7
1744669505562 0.5375975966453552 8
1744669505585 0.5187762975692749 9
1744669505609 0.6358509659767151 10
1744669505636 0.5375797748565674 11
1744669505656 0.5569088459014893 12
1744669505675 0.6421533226966858 13
1744669505696 0.6987850069999695 14
1744669505716 0.6015112996101379 15
1744669505735 0.5800144672393799 16
1744669505754 0.6046453714370728 17
1744669505778 0.6495044231414795 18
1744669505802 0.5864129066467285 19
1744669505823 0.6441216468811035 20
1744669505842 0.7437679171562195 21
1744669505862 0.6682196855545044 22
1744669505887 0.6448861360549927 23
1744669505909 0.6465680003166199 24
1744669505933 0.6708926558494568 25
1744669505955 0.667113184928894 26
1744669505982 0.6720902919769287 27
1744669506004 0.7117477655410767 28
1744669506026 0.7285915017127991 29
1744669506051 0.7182052135467529 30
1744669506072 0.6344214677810669 31
1744669506096 0.7153720855712891 32
1744669506119 0.6237660646438599 33
