1744669505366 2.9259157180786133 0
1744669505394 2.1868481636047363 1
1744669505422 1.7013578414916992 2
1744669505445 1.3893829584121704 3
1744669505467 1.1961091756820679 4
1744669505486 1.0650380849838257 5
1744669505505 0.9796465635299683 6
1744669505524 0.916989266872406 7
1744669505547 0.8738449215888977 8
1744669505572 0.8343098163604736 9
1744669505597 0.8253899812698364 10
1744669505624 0.797732412815094 11
1744669505647 0.7841159701347351 12
1744669505666 0.769491970539093 13
1744669505686 0.7719040513038635 14
1744669505706 0.749721884727478 15
1744669505726 0.7376278042793274 16
1744669505744 0.7441747188568115 17
1744669505767 0.7398191690444946 18
1744669505790 0.7243516445159912 19
1744669505814 0.7231814861297607 20
1744669505833 0.7100524306297302 21
1744669505852 0.7158412337303162 22
1744669505873 0.7004354000091553 23
1744669505899 0.6954046487808228 24
1744669505921 0.6874863505363464 25
1744669505944 0.687940776348114 26
1744669505969 0.7046552300453186 27
1744669505994 0.6981449127197266 28
1744669506016 0.6918293237686157 29
1744669506037 0.6921992301940918 30
1744669506062 0.6958631873130798 31
1744669506084 0.6790799498558044 32
1744669506106 0.6979373693466187 33
